 Alger Heights:
       -85.648052564782,42.9273362102149
       -85.6478882590963,42.9251726547117
       -85.6476264197602,42.9213638858421
       -85.6475059484637,42.9193322486685
       -85.6473969367528,42.9176735292532
       -85.6472773313717,42.915863478862
       -85.647173069728,42.9142533317003
       -85.6471147300296,42.9132383473197
       -85.6470869802934,42.9127994026719
       -85.6410338812922,42.912746252097
       -85.6362877432632,42.912704026709
       -85.6305258585951,42.9126495789206
       -85.6280654134082,42.912645572882
       -85.6281641435672,42.9129101639149
       -85.6283939961886,42.913379815837
       -85.6286770835257,42.9138966488788
       -85.6289654150077,42.9143041662849
       -85.6294642924574,42.9149662936917
       -85.6304850637386,42.9163190171978
       -85.6318362356398,42.9181240592178
       -85.633108429244,42.9198976279501
       -85.6332865929073,42.9217156850473
       -85.633460729244,42.9235838816006
       -85.6334983318764,42.9239686722763
       -85.6310128233994,42.9239468583333
       -85.6312477862934,42.927123399508
       -85.6321772800006,42.9271313996717
       -85.6354081928527,42.9271652125069
       -85.638217039954,42.9271947012253
       -85.6384635823553,42.9271982246275
       -85.6406151999787,42.9272285168723
       -85.6439846135493,42.9272774427542
       -85.648052564782,42.9273362102149

 Baxter:
       -85.649292062877,42.9556000817054
       -85.6492705842355,42.9497012172617
       -85.6492578878531,42.948368509832
       -85.645020952015,42.9483342106272
       -85.641142705625,42.9483027964931
       -85.6394502285885,42.9482915914207
       -85.6394911133741,42.9510041671834
       -85.6395286822079,42.9540999424625
       -85.6395467912564,42.9555241741085
       -85.6452563130191,42.955562503948
       -85.6472890220423,42.9555759993448
       -85.649292062877,42.9556000817054

 Belknap Lookout:
       -85.6729285615648,42.9846978155963
       -85.6729880319989,42.9839745454304
       -85.6732980648811,42.9820198545334
       -85.6736074788168,42.9803903641225
       -85.6738753930453,42.9787433349534
       -85.674108960799,42.9775935760189
       -85.6742281901799,42.9768694505098
       -85.6743483764457,42.9761905938822
       -85.6745330568088,42.9736142095162
       -85.6746175010855,42.9728362811373
       -85.6746583082584,42.9724687709734
       -85.6738824378995,42.9723606471174
       -85.6726683237097,42.9722050276136
       -85.6716597064255,42.9720470548382
       -85.6707148689303,42.9719005271242
       -85.6698081572141,42.9717897464705
       -85.669212319903,42.9717117886358
       -85.6684037763546,42.9716484224637
       -85.6676590025022,42.9715963313632
       -85.6664554451516,42.9715857994755
       -85.6646025539201,42.9716187978624
       -85.6632500570792,42.971634102174
       -85.6619354288659,42.9716731464004
       -85.6619071938942,42.9699687753203
       -85.6618850496589,42.9689118040507
       -85.6598563909455,42.9689347064744
       -85.6591501759855,42.9689375260788
       -85.6580736131155,42.968921529291
       -85.6569596273536,42.9689028576669
       -85.6569711288179,42.970170053168
       -85.6569862391701,42.9717893298433
       -85.6570239895938,42.9743141218267
       -85.6570407530355,42.9765494589921
       -85.6570623079232,42.9786562770129
       -85.6570731320964,42.9802490143506
       -85.6570801509568,42.98112228894
       -85.6570887845537,42.9820728984846
       -85.6571006276273,42.9831773200555
       -85.6571250739808,42.9845272080938
       -85.658381119581,42.9845334757634
       -85.6605867778329,42.9845492576171
       -85.6631439816667,42.9845738854601
       -85.665241339588,42.9845940616281
       -85.6668530962813,42.9846293097766
       -85.668005426526,42.9846802130342
       -85.6700016210006,42.9846885861546
       -85.671403434926,42.9846940829715
       -85.6729285615648,42.9846978155963

 Black Hills:
       -85.6824717952774,42.9559244403017
       -85.6826357079719,42.9557265156688
       -85.6829989575133,42.9554151573392
       -85.6837141564453,42.9549642568679
       -85.6845882278109,42.9544303986567
       -85.6855007878393,42.9539501160955
       -85.6862533068412,42.9534989417306
       -85.6868750150369,42.9532207858765
       -85.6875069550796,42.9528972282722
       -85.688018529359,42.9527107241064
       -85.6889893798796,42.9523381402773
       -85.6898194513733,42.9520215443478
       -85.6909060635551,42.9516476089201
       -85.6920034807463,42.951255527556
       -85.6930275432457,42.9509275739362
       -85.69380959919,42.950638433308
       -85.6942505609313,42.9504707275199
       -85.6950589462811,42.950190363681
       -85.6956455611268,42.9500209640329
       -85.696210541054,42.9498880038265
       -85.6966381037436,42.9497926521929
       -85.6971515710183,42.9496964750961
       -85.6975582770812,42.9496735716948
       -85.6979754113669,42.9496145261424
       -85.6983168776114,42.9495112512734
       -85.6986962752599,42.9494346325256
       -85.6991617637501,42.949365931587
       -85.6994937726338,42.9493440617215
       -85.6999000873634,42.9493031454818
       -85.7003286165948,42.9492530507269
       -85.7014492849427,42.9490774047939
       -85.7022090344338,42.948969073651
       -85.7031036251527,42.9488773445357
       -85.7038042030507,42.9487969642781
       -85.7045531346088,42.9487069232296
       -85.7052645188016,42.9486082268367
       -85.7060244563608,42.9485091289997
       -85.7067657146253,42.9484100740796
       -85.7074884923854,42.9483203210671
       -85.7081619372494,42.9481951213307
       -85.7086753696065,42.9480987206789
       -85.7092627127737,42.9479654321669
       -85.7098638120232,42.9477776082537
       -85.7104727701067,42.9476078700087
       -85.7109732276434,42.947430482749
       -85.7114726979423,42.9472078242169
       -85.7118607115547,42.9470135729479
       -85.712187792075,42.9467658335782
       -85.7126913761831,42.9463894421882
       -85.7131385486293,42.9459958726784
       -85.7135236013285,42.9456661492779
       -85.7138964646352,42.945291459093
       -85.7143316244983,42.9448616652873
       -85.7145820259922,42.9445246030119
       -85.7148919761139,42.9441775770618
       -85.7151948499956,42.9438488160341
       -85.7155032226785,42.9434297704106
       -85.7157431949221,42.9431288463576
       -85.7159350102429,42.9428464994227
       -85.7162051431386,42.9425043396727
       -85.7086839049481,42.9422989582447
       -85.7049853083643,42.9421831372854
       -85.6946229983623,42.9418817226338
       -85.6945647696863,42.9408726097567
       -85.6944955290825,42.9402714832151
       -85.6928739902752,42.9391958815431
       -85.6926480358673,42.939092295758
       -85.6922139879097,42.9390102709813
       -85.6919796542216,42.9390067768553
       -85.6916941918828,42.9390564822696
       -85.6918128622393,42.9418188451262
       -85.6877818428275,42.9417285261398
       -85.6868924521425,42.9417103782857
       -85.6855755690879,42.9416912909459
       -85.6853177438461,42.9416870546446
       -85.6843640406882,42.9439095652471
       -85.6835266196446,42.9459823684429
       -85.6827807338004,42.9477951228074
       -85.682312690562,42.9489731564101
       -85.6824717952774,42.9559244403017

 Creston:
       -85.6461765325076,43.0133966446353
       -85.6488691367424,43.0134017426797
       -85.6513676684635,43.013425244744
       -85.6534323965503,43.0134480703718
       -85.6561329321753,43.0134745194039
       -85.6592448432078,43.0135017577329
       -85.6627755308987,43.0135258990858
       -85.672738470792,43.0135539572458
       -85.6728725517253,43.0132064858142
       -85.6729146238468,43.0110106733491
       -85.672930838913,43.0097877420431
       -85.6728997939269,43.0083193827729
       -85.6727266998053,43.0067474587038
       -85.67243750941,43.0043003931983
       -85.6724643966959,43.0037093047313
       -85.6725814919629,43.0025259227966
       -85.6726757086415,43.0017749819452
       -85.672786808864,43.0008894494684
       -85.6729061975779,42.9999378243663
       -85.6729923795459,42.99921273889
       -85.6729935686449,42.9976773269243
       -85.6730364915147,42.9967012617117
       -85.6732546762012,42.9948200034966
       -85.6733558662036,42.9937710665685
       -85.6733937062138,42.9927317695535
       -85.6734362365879,42.9917376987466
       -85.6733847623842,42.9907175997082
       -85.6732144057338,42.9892019763824
       -85.6731429124231,42.9881188161045
       -85.6729972321856,42.9861784094143
       -85.6729661721001,42.9852393756871
       -85.6729285615648,42.9846978155963
       -85.671403434926,42.9846940829715
       -85.6700016210006,42.9846885861546
       -85.668005426526,42.9846802130342
       -85.6668530962813,42.9846293097766
       -85.665241339588,42.9845940616281
       -85.6631439816667,42.9845738854601
       -85.6605867778329,42.9845492576171
       -85.658381119581,42.9845334757634
       -85.6571250739808,42.9845272080938
       -85.6563512599142,42.9845233937286
       -85.6540073857106,42.9845114833928
       -85.652362565427,42.9845031807681
       -85.6509270894529,42.984496113372
       -85.6490018677546,42.9844847278048
       -85.6470055940022,42.9844717036176
       -85.6453607204679,42.9844607280783
       -85.6439962210111,42.9844514099221
       -85.6398765626168,42.9844236470413
       -85.639880463419,42.9847944172988
       -85.6398742041907,42.9890269394738
       -85.6398927940375,42.9931953779466
       -85.6399032774816,42.9989661850411
       -85.6420455836268,42.9989675953197
       -85.648098632666,42.9989714772608
       -85.656582922852,42.9990266185767
       -85.6543182067282,43.0019427643062
       -85.6519188119426,43.0050454327726
       -85.6508128647558,43.006524089866
       -85.6489768446833,43.0092222987614
       -85.6476448508122,43.0111679073767
       -85.6464260099207,43.0129837735315
       -85.6461765325076,43.0133966446353

 Downtown:
       -85.6746583082584,42.9724687709734
       -85.6746995503611,42.9721218392937
       -85.6747800864541,42.9709827428981
       -85.6748819735479,42.9699698085714
       -85.6750447832467,42.9690105491535
       -85.6751518255198,42.9682414520113
       -85.6752472937493,42.9671023542494
       -85.6753400782339,42.965836536687
       -85.67537861518,42.9651857085208
       -85.675454600639,42.9647152294935
       -85.6755878672875,42.9641266100461
       -85.6758435408139,42.9636719171247
       -85.6761558212594,42.9632438481721
       -85.6749820715769,42.9632217459257
       -85.6741229156147,42.963233779527
       -85.6734137544323,42.9632710227418
       -85.6724195746342,42.9632590264077
       -85.6713394303801,42.963245941121
       -85.6699378641264,42.9632291250573
       -85.6686409447713,42.9632133340437
       -85.6678934433915,42.9632043273875
       -85.6679503284364,42.9648419994706
       -85.6680354651995,42.9672890767253
       -85.6657157246027,42.9673279077624
       -85.6640646255458,42.9673550102673
       -85.6618532034165,42.9673916804281
       -85.66187005855,42.9681962395583
       -85.6618850496589,42.9689118040507
       -85.6619071938942,42.9699687753203
       -85.6619354288659,42.9716731464004
       -85.6632500570792,42.971634102174
       -85.6646025539201,42.9716187978624
       -85.6664554451516,42.9715857994755
       -85.6676590025022,42.9715963313632
       -85.6684037763546,42.9716484224637
       -85.669212319903,42.9717117886358
       -85.6698081572141,42.9717897464705
       -85.6707148689303,42.9719005271242
       -85.6716597064255,42.9720470548382
       -85.6726683237097,42.9722050276136
       -85.6738824378995,42.9723606471174
       -85.6746583082584,42.9724687709734

 East Hills:
       -85.6396729816141,42.9627428703048
       -85.6436602950443,42.9627647235438
       -85.6483504427643,42.9628041378866
       -85.6543686042491,42.9629172945263
       -85.6543545808407,42.9624233160515
       -85.6543048325518,42.9600344933819
       -85.6542452440794,42.9582495157252
       -85.6541804674694,42.955676824133
       -85.6510708823078,42.9556213253234
       -85.649292062877,42.9556000817054
       -85.6472890220423,42.9555759993448
       -85.6452563130191,42.955562503948
       -85.6395467912564,42.9555241741085
       -85.639609991674,42.9580498899044
       -85.6399479273854,42.9584941333312
       -85.6396421058251,42.9608802169568
       -85.6396729816141,42.9627428703048

 Eastern-Burton:
       -85.648052564782,42.9273362102149
       -85.6439846135493,42.9272774427542
       -85.6406151999787,42.9272285168723
       -85.6384635823553,42.9271982246275
       -85.6401245345022,42.9287902236481
       -85.6415496836619,42.9301711997542
       -85.6424219212817,42.9309968601939
       -85.6431270722249,42.9316874183739
       -85.6435838905067,42.9321070018339
       -85.6442460130782,42.9327021557255
       -85.6447953384597,42.9330793683324
       -85.6453435433367,42.9334020467965
       -85.6458730814645,42.9337247606526
       -85.6464916752567,42.9340192060676
       -85.6472446922777,42.9343119738966
       -85.6479982847535,42.9346321736358
       -85.6487134446902,42.9348996284883
       -85.6485646634244,42.9331269589624
       -85.6481498525227,42.9286075162155
       -85.648052564782,42.9273362102149

 Eastgate:
       -85.6247365639056,42.9409953862318
       -85.624822624913,42.940635631396
       -85.6248771129809,42.9401926947957
       -85.6248247006736,42.9394523248161
       -85.624674701097,42.9372192992788
       -85.6245095674866,42.9347924561843
       -85.624266494165,42.9318378549173
       -85.6240873274218,42.929637735349
       -85.6238937433334,42.9270951693924
       -85.6206224373654,42.927094317645
       -85.619005455667,42.9270939112952
       -85.6192577565294,42.9307019812594
       -85.6193530791306,42.9325310198563
       -85.6169263748667,42.9325500477667
       -85.6170541319175,42.9343772896042
       -85.6164335711841,42.9343746789054
       -85.6166908580367,42.9379956618082
       -85.619755017809,42.9379752452754
       -85.6199855942584,42.9410047427831
       -85.6247365639056,42.9409953862318

 Eastown:
       -85.6250182247676,42.9627345400228
       -85.6281007369023,42.9627294749807
       -85.6329541965989,42.9627166094676
       -85.6389739550724,42.9627283329928
       -85.6396729816141,42.9627428703048
       -85.6396421058251,42.9608802169568
       -85.6399479273854,42.9584941333312
       -85.639609991674,42.9580498899044
       -85.6395467912564,42.9555241741085
       -85.6395286822079,42.9540999424625
       -85.6394911133741,42.9510041671834
       -85.6394502285885,42.9482915914207
       -85.638191146272,42.9482832713872
       -85.6350566537237,42.948268953021
       -85.6345859181064,42.9482667866703
       -85.632060393689,42.94825525342
       -85.6297149343611,42.9482446245083
       -85.6298341838532,42.9554135604021
       -85.6298258554086,42.9579214542593
       -85.6273972486655,42.9580728144887
       -85.6252175095475,42.9582086198679
       -85.624286485251,42.9582666131255
       -85.6231854334083,42.9583351874533
       -85.6231981819273,42.9594176694741
       -85.6224585409214,42.9594280234592
       -85.6224781026849,42.9608177665579
       -85.6224177045729,42.9627387043716
       -85.6250182247676,42.9627345400228

 Fulton Heights:
       -85.6397434951066,42.9699784669884
       -85.6397110673089,42.9662259135507
       -85.6396729816141,42.9627428703048
       -85.6389739550724,42.9627283329928
       -85.6329541965989,42.9627166094676
       -85.6281007369023,42.9627294749807
       -85.6250182247676,42.9627345400228
       -85.6249929090644,42.9636937548228
       -85.6249513206497,42.9653223973285
       -85.6249545641108,42.9673177593297
       -85.6250294097138,42.9687919609703
       -85.6250568425024,42.9699560699378
       -85.6268695095494,42.9699684035802
       -85.6310510307535,42.9699626669352
       -85.6355280709215,42.9699713456141
       -85.6397434951066,42.9699784669884

 Garfield Park:
       -85.680267569534,42.9355272261614
       -85.6803028580802,42.9354302576268
       -85.6804521097337,42.9350717912103
       -85.6805514909175,42.9346512917294
       -85.6806673236456,42.9343021267161
       -85.6807568251417,42.9339441730708
       -85.6808207587841,42.9336134401647
       -85.6808889950593,42.9333094164663
       -85.6809430547517,42.9330412295105
       -85.6809923719809,42.9325499523362
       -85.6810944781769,42.9319066201067
       -85.6812249333323,42.9311914405759
       -85.6813862780919,42.9301726635878
       -85.681516159467,42.9294308180641
       -85.6816288268785,42.9285820574757
       -85.6819333862348,42.926571465893
       -85.6820302809519,42.9260351321943
       -85.682096417426,42.92563302264
       -85.6821129391211,42.9253562603624
       -85.6820901710684,42.9248123834158
       -85.6820764479288,42.9245182164927
       -85.6820324197021,42.9240280964554
       -85.6819757335545,42.9236451489519
       -85.681891778437,42.9232090001165
       -85.6817730885676,42.9227197370915
       -85.6815780315898,42.9221510804769
       -85.6812830721668,42.9214497856085
       -85.6808640705339,42.9205337160405
       -85.6717997279896,42.9203989467
       -85.6663329878967,42.9203294883594
       -85.6659606924599,42.9129358759156
       -85.6658438660977,42.9105629302791
       -85.6616091242028,42.9105090768461
       -85.6572947274799,42.9072384749305
       -85.6573036739145,42.9074714344634
       -85.657360808816,42.907471779728
       -85.657467162965,42.9103479824839
       -85.6567703570377,42.9103350719324
       -85.6568906229011,42.9128310857884
       -85.6509770687717,42.9128123013604
       -85.6509214390498,42.9124013418664
       -85.6511379416609,42.9121579170109
       -85.6512163788113,42.9120645052526
       -85.6510040895711,42.9118802032537
       -85.6509328149754,42.9116585298698
       -85.6510530856054,42.9114646533286
       -85.6509872668877,42.9114645821037
       -85.651062420148,42.9112329057136
       -85.6511122498375,42.9110792937894
       -85.6511476548837,42.910916673323
       -85.6510543153358,42.9092133850191
       -85.6485934705495,42.9091599345593
       -85.6468447103046,42.90874498161
       -85.6469725877084,42.9106990013011
       -85.6470512431217,42.9121548993954
       -85.6470869802934,42.9127994026719
       -85.6471147300296,42.9132383473197
       -85.647173069728,42.9142533317003
       -85.6472773313717,42.915863478862
       -85.6473969367528,42.9176735292532
       -85.6475059484637,42.9193322486685
       -85.6476264197602,42.9213638858421
       -85.6478882590963,42.9251726547117
       -85.648052564782,42.9273362102149
       -85.6481498525227,42.9286075162155
       -85.6485646634244,42.9331269589624
       -85.6487134446902,42.9348996284883
       -85.6487627392641,42.935476057573
       -85.6553110682255,42.9355284871711
       -85.6579185188848,42.9355526452939
       -85.6598793631242,42.9355540277238
       -85.6630139629212,42.9356031624057
       -85.6670592857966,42.9356238696806
       -85.6671223429758,42.9368467536918
       -85.6671944954903,42.9383244078281
       -85.6721220790205,42.9383736826314
       -85.6719827187681,42.9354867568348
       -85.680267569534,42.9355272261614

 Grandville:
       -85.6822932467385,42.9561369413438
       -85.6824717952774,42.9559244403017
       -85.682312690562,42.9489731564101
       -85.6827807338004,42.9477951228074
       -85.6835266196446,42.9459823684429
       -85.6843640406882,42.9439095652471
       -85.6853177438461,42.9416870546446
       -85.6837110282168,42.9416612814448
       -85.6822762949501,42.9416429456356
       -85.6810432731373,42.9416248499545
       -85.6798214653123,42.9416071283284
       -85.6789658236577,42.9415946336319
       -85.6785323981399,42.9415882753666
       -85.6776961390229,42.9416089956316
       -85.6773762391765,42.9423769332197
       -85.6771812420517,42.9428698736731
       -85.6768932974915,42.9435599195178
       -85.6764804958964,42.9445280481888
       -85.6762281868337,42.9451375854416
       -85.6759723222365,42.945755910704
       -85.6756376909993,42.946535846178
       -85.6747757808701,42.9485260176232
       -85.6745430138752,42.9490013732069
       -85.6743449915229,42.949530017752
       -85.6741592647205,42.9499334845837
       -85.674056230286,42.9501843886645
       -85.6738800108965,42.9505076489013
       -85.6736920146536,42.9508041156863
       -85.6735398593269,42.9510288209188
       -85.673362689192,42.9513073266394
       -85.673058752945,42.9517747420755
       -85.672717645928,42.9522513297601
       -85.6723418217514,42.9528533457467
       -85.6721297365773,42.9532481905513
       -85.6720162388215,42.9535348871401
       -85.6719372982989,42.9538659544451
       -85.6718708773819,42.9542591396007
       -85.6717055200158,42.9549211884762
       -85.6715944903832,42.9555021770955
       -85.6715147945311,42.9557975785625
       -85.671451538713,42.9561639702717
       -85.6736149051031,42.9561707092171
       -85.6739952841506,42.9561372129508
       -85.6746057685632,42.9560312832833
       -85.6764368199581,42.9560475932454
       -85.6791351571031,42.9560875609938
       -85.6822932467385,42.9561369413438

 Heritage Hill:
       -85.6569711288179,42.970170053168
       -85.6569596273536,42.9689028576669
       -85.6580736131155,42.968921529291
       -85.6591501759855,42.9689375260788
       -85.6598563909455,42.9689347064744
       -85.6618850496589,42.9689118040507
       -85.66187005855,42.9681962395583
       -85.6618532034165,42.9673916804281
       -85.6618259994643,42.9664498534988
       -85.6617515804127,42.9630756113779
       -85.6642150492694,42.9631271645883
       -85.664165783919,42.9613137716898
       -85.6616885617916,42.9604236625075
       -85.6616743687215,42.9597459939165
       -85.661682191454,42.958692283734
       -85.6617214512455,42.9573557335589
       -85.6617791491785,42.9558292765229
       -85.6617968746665,42.9552484946738
       -85.6617794135869,42.9529877703086
       -85.6617599621661,42.9515237578798
       -85.6590836559936,42.951455005537
       -85.6590861896431,42.9515762383672
       -85.6563018708964,42.9515230462032
       -85.6541791289177,42.9514855111609
       -85.6541804674694,42.955676824133
       -85.6542452440794,42.9582495157252
       -85.6543048325518,42.9600344933819
       -85.6543545808407,42.9624233160515
       -85.6543686042491,42.9629172945263
       -85.6544222431572,42.9654926807282
       -85.6544760053072,42.9678943183482
       -85.6545300311517,42.9701290686866
       -85.6569711288179,42.970170053168

 Highland Park:
       -85.6571250739808,42.9845272080938
       -85.6571006276273,42.9831773200555
       -85.6570887845537,42.9820728984846
       -85.6570801509568,42.98112228894
       -85.6570731320964,42.9802490143506
       -85.6570623079232,42.9786562770129
       -85.6570407530355,42.9765494589921
       -85.6570239895938,42.9743141218267
       -85.6569862391701,42.9717893298433
       -85.6564422763858,42.9718683443325
       -85.6557687980151,42.9720090154302
       -85.6549506133732,42.9721996745943
       -85.654211136994,42.9724016232393
       -85.6534748898283,42.9725793456345
       -85.6525045128078,42.9728202345783
       -85.6514745958915,42.9730737898328
       -85.6507191497863,42.9732275258227
       -85.6500787680693,42.9733436087985
       -85.6491389792756,42.9734388526544
       -85.64828437002,42.9734967766509
       -85.6471637306192,42.9735214763626
       -85.6454475143704,42.9734800868927
       -85.6443263709106,42.9734804104084
       -85.6424499983693,42.9734651163819
       -85.6397738127267,42.9734468406275
       -85.6397930249397,42.9754684397416
       -85.6398765626168,42.9844236470413
       -85.6439962210111,42.9844514099221
       -85.6453607204679,42.9844607280783
       -85.6470055940022,42.9844717036176
       -85.6490018677546,42.9844847278048
       -85.6509270894529,42.984496113372
       -85.652362565427,42.9845031807681
       -85.6540073857106,42.9845114833928
       -85.6563512599142,42.9845233937286
       -85.6571250739808,42.9845272080938

 John Ball Park:
       -85.6981077615592,42.9720725992838
       -85.6978453223712,42.9713393281023
       -85.697594031883,42.970949986885
       -85.6985923807072,42.970628976047
       -85.6992490905107,42.970408835611
       -85.6998325758299,42.9702591790736
       -85.7002365704001,42.9702776340099
       -85.7007901394929,42.970473582919
       -85.7017593482177,42.9708808001071
       -85.7023182281481,42.9711490596523
       -85.7034630714774,42.9712092976679
       -85.7051235310225,42.9712647046808
       -85.7065409101378,42.9713121235331
       -85.7084288980382,42.9713473286296
       -85.7106417048548,42.9713682321935
       -85.7126937840992,42.9713875519338
       -85.715115911563,42.9714101994063
       -85.7156626351624,42.9714610538775
       -85.7160251743989,42.9716341353801
       -85.7162839714021,42.9718482303629
       -85.7165797845487,42.9720459372214
       -85.7168621951064,42.9721432915755
       -85.7171204117051,42.9721594598044
       -85.7170641904365,42.9682171159176
       -85.7170273221241,42.9641338969881
       -85.716946795197,42.9605319989972
       -85.7120160889707,42.9604706483504
       -85.7119260255049,42.9586552313463
       -85.7169226019145,42.9587176966411
       -85.7169032388288,42.9560031915047
       -85.7183974394421,42.9560361165391
       -85.7184311931242,42.9467994611278
       -85.7192851909965,42.9465790158926
       -85.7202809525309,42.9463150532807
       -85.7208886477439,42.946222984433
       -85.7213021946568,42.9462087444271
       -85.7216648203408,42.9462168668593
       -85.7220266956593,42.9462354283046
       -85.7228267638322,42.9462751517008
       -85.7236540423888,42.9462774083317
       -85.7242401425035,42.9462612941368
       -85.7246772007589,42.9462363321222
       -85.7251468590192,42.946129599926
       -85.725838142438,42.9457817515418
       -85.7262686686003,42.9455537253119
       -85.7267280762539,42.9453708517783
       -85.7267442188241,42.9426260596593
       -85.7265652131179,42.9367597696156
       -85.7254052317774,42.937014211278
       -85.7234278291628,42.9374479222007
       -85.7229338720636,42.9375562573301
       -85.7222204470973,42.9377127219234
       -85.7214633862602,42.938079534473
       -85.7206740808441,42.9386294351554
       -85.7200874252485,42.9390381419713
       -85.7193440158194,42.9395560427528
       -85.7187585590992,42.9399638952669
       -85.7180892775875,42.9405337973287
       -85.7173862055668,42.9412691311823
       -85.7165715202779,42.9421211725061
       -85.7162051431386,42.9425043396727
       -85.7159350102429,42.9428464994227
       -85.7157431949221,42.9431288463576
       -85.7155032226785,42.9434297704106
       -85.7151948499956,42.9438488160341
       -85.7148919761139,42.9441775770618
       -85.7145820259922,42.9445246030119
       -85.7143316244983,42.9448616652873
       -85.7138964646352,42.945291459093
       -85.7135236013285,42.9456661492779
       -85.7131385486293,42.9459958726784
       -85.7126913761831,42.9463894421882
       -85.712187792075,42.9467658335782
       -85.7118607115547,42.9470135729479
       -85.7114726979423,42.9472078242169
       -85.7109732276434,42.947430482749
       -85.7104727701067,42.9476078700087
       -85.7098638120232,42.9477776082537
       -85.7092627127737,42.9479654321669
       -85.7086753696065,42.9480987206789
       -85.7081619372494,42.9481951213307
       -85.7074884923854,42.9483203210671
       -85.7067657146253,42.9484100740796
       -85.7060244563608,42.9485091289997
       -85.7052645188016,42.9486082268367
       -85.7045531346088,42.9487069232296
       -85.7038042030507,42.9487969642781
       -85.7031036251527,42.9488773445357
       -85.7022090344338,42.948969073651
       -85.7014492849427,42.9490774047939
       -85.7003286165948,42.9492530507269
       -85.6999000873634,42.9493031454818
       -85.6994937726338,42.9493440617215
       -85.6991617637501,42.949365931587
       -85.6986962752599,42.9494346325256
       -85.6983168776114,42.9495112512734
       -85.6979754113669,42.9496145261424
       -85.6975582770812,42.9496735716948
       -85.6971515710183,42.9496964750961
       -85.6966381037436,42.9497926521929
       -85.696210541054,42.9498880038265
       -85.6956455611268,42.9500209640329
       -85.6950589462811,42.950190363681
       -85.6942505609313,42.9504707275199
       -85.69380959919,42.950638433308
       -85.6930275432457,42.9509275739362
       -85.6920034807463,42.951255527556
       -85.6909060635551,42.9516476089201
       -85.6898194513733,42.9520215443478
       -85.6889893798796,42.9523381402773
       -85.688018529359,42.9527107241064
       -85.6875069550796,42.9528972282722
       -85.6868750150369,42.9532207858765
       -85.6862533068412,42.9534989417306
       -85.6855007878393,42.9539501160955
       -85.6845882278109,42.9544303986567
       -85.6837141564453,42.9549642568679
       -85.6829989575133,42.9554151573392
       -85.6826357079719,42.9557265156688
       -85.6824717952774,42.9559244403017
       -85.6822932467385,42.9561369413438
       -85.6821068896512,42.9565093830553
       -85.6818200614872,42.9569009892513
       -85.6815326571784,42.9572656708207
       -85.6811728471117,42.9577395810939
       -85.6808385992121,42.9581859272113
       -85.6804052202306,42.9587148771205
       -85.6799854339901,42.959180380308
       -85.6790253437477,42.9600674829066
       -85.6785321706579,42.9605971097992
       -85.6779439684316,42.9612271300718
       -85.6773394723073,42.9617940442889
       -85.6768629340782,42.962404771325
       -85.6765274819256,42.9627969188945
       -85.6761558212594,42.9632438481721
       -85.6758435408139,42.9636719171247
       -85.6755878672875,42.9641266100461
       -85.675454600639,42.9647152294935
       -85.67537861518,42.9651857085208
       -85.6753400782339,42.965836536687
       -85.6752472937493,42.9671023542494
       -85.6751518255198,42.9682414520113
       -85.6750447832467,42.9690105491535
       -85.6748819735479,42.9699698085714
       -85.6747800864541,42.9709827428981
       -85.6746995503611,42.9721218392937
       -85.6746583082584,42.9724687709734
       -85.6750893396482,42.9725283435555
       -85.6766081543654,42.9727773634958
       -85.6774703091572,42.9729006045324
       -85.6784117030243,42.9730592956629
       -85.679438517708,42.9731926437988
       -85.6801803557508,42.9732810539919
       -85.6809742461464,42.9733566848236
       -85.6821177995661,42.9733555753495
       -85.683172202896,42.9733798324811
       -85.6847913000672,42.9734217741735
       -85.6852692826086,42.9734040997955
       -85.6857950644922,42.9733496836945
       -85.6863198152616,42.973246910895
       -85.6868579549158,42.9730712565889
       -85.687529302004,42.9728335210297
       -85.6881349485418,42.9726692607319
       -85.6885628022767,42.9725796003422
       -85.6892195986925,42.972535663642
       -85.6897650871827,42.9725293695401
       -85.6905880895603,42.9725682361246
       -85.6912835444591,42.9725843867323
       -85.6923045735388,42.972621123273
       -85.6936581226798,42.9726538319223
       -85.6947461423393,42.9726775949224
       -85.695520580803,42.972716988726
       -85.6959499837892,42.9726998327975
       -85.6965422218262,42.9726082363834
       -85.6968697098063,42.9725440633614
       -85.6973453383032,42.9724174524296
       -85.6977385121932,42.9722797908961
       -85.6981077615592,42.9720725992838

 Lake Eastbrook:
       -85.5849177876247,42.9410959114158
       -85.5850371574508,42.9403947490629
       -85.5851701476128,42.9397511860546
       -85.5851953707342,42.9391355255169
       -85.5852216452951,42.938573365513
       -85.585214794409,42.9382256079282
       -85.5851605905345,42.9373699864876
       -85.5850654026,42.9361402134895
       -85.5850538107576,42.9355516992004
       -85.5849207170347,42.9344828672985
       -85.5847918855875,42.9334407434386
       -85.5846982932009,42.9322912209288
       -85.5846388328187,42.9311680919608
       -85.5846124994209,42.9298305600658
       -85.5846534201498,42.9283050204569
       -85.5846212946504,42.926673230173
       -85.5844956459873,42.9257916095881
       -85.5843931178395,42.9241873236662
       -85.5842931801647,42.9229040858813
       -85.5842054014561,42.9220488171725
       -85.5841554368057,42.9214071987278
       -85.5840298034394,42.9205255767853
       -85.5839406299636,42.9197116356856
       -85.5833993772106,42.9125053375987
       -85.5686438758741,42.9125090593623
       -85.5690964953731,42.9197423006283
       -85.5695542920743,42.926995783301
       -85.5795371297694,42.9269510468026
       -85.5797647306191,42.9310987743537
       -85.5801629061584,42.9379118533802
       -85.5803601940936,42.9411178451368
       -85.5849177876247,42.9410959114158

 Leffingwell-Twin Lakes:
       -85.6048569172748,42.9916022771175
       -85.6049382641073,42.9840023763975
       -85.6049649697885,42.9827234573884
       -85.6049756876394,42.9819523906463
       -85.6049905461871,42.9813881232267
       -85.6049978707469,42.9804478074115
       -85.6049073479055,42.9798471177015
       -85.6047383278168,42.979059124634
       -85.6045488028677,42.9785534907347
       -85.6042598969769,42.9781240526612
       -85.603967260847,42.9776948260582
       -85.6031708965506,42.9769324656688
       -85.6024422049221,42.9763762147441
       -85.6017968755297,42.9760634672275
       -85.600892237576,42.9756783859697
       -85.6005237734579,42.9755676095234
       -85.600042542407,42.9754242570303
       -85.598804629752,42.9750050106196
       -85.5972603530788,42.9745892116898
       -85.595714970109,42.9741168050832
       -85.5939118091039,42.9736473079577
       -85.5921116610417,42.9731400184158
       -85.5909653800928,42.9728136988692
       -85.5900111506886,42.9725606125674
       -85.5893666701305,42.972285518983
       -85.5887715091491,42.9720474592333
       -85.5882275445703,42.9717524224999
       -85.5877613015367,42.9714188233373
       -85.5872416470843,42.9710295344802
       -85.5869017024663,42.9706570240087
       -85.5864306537153,42.9700790650652
       -85.586317572887,42.9699227788935
       -85.5848068644196,42.9699461823926
       -85.584837667753,42.971024741593
       -85.5833826941493,42.9710131259541
       -85.5830273535541,42.971001629387
       -85.5827299747199,42.9709486532466
       -85.5824947748728,42.9708818178762
       -85.5822776051044,42.9707790917545
       -85.581573137012,42.9704115840398
       -85.5807795018327,42.9700612024028
       -85.5808380152346,42.9772678566577
       -85.5868985247021,42.9771712350336
       -85.5907135904888,42.9771103366593
       -85.5907336582198,42.9817084410096
       -85.5907449783707,42.9843232827369
       -85.5906724264532,42.9879391913671
       -85.595619980662,42.9879422074896
       -85.5955959643235,42.9898286047274
       -85.5955754410007,42.9908864303642
       -85.5955612777346,42.9915628268907
       -85.5905999881432,42.9915519849329
       -85.5905810876791,42.9924923798363
       -85.5905590413675,42.9935911443985
       -85.590501543976,42.9964543450375
       -85.5904547710227,42.9987833032968
       -85.5867357763092,42.9988139320669
       -85.5867051022121,43.0024042010811
       -85.5867314392929,43.0024040108637
       -85.5867278050575,43.0029583264377
       -85.5867089414601,43.0029585270819
       -85.5867066546095,43.0033080767409
       -85.5879420033142,43.0032960094641
       -85.5879370106562,43.0039174210819
       -85.5904219974232,43.0039004758915
       -85.5904206010521,43.0041162050666
       -85.5925325754393,43.0041268441703
       -85.5953767463212,43.0041410947666
       -85.5954246286466,42.9988046230435
       -85.597504879223,42.9988135208766
       -85.59751666892,42.9981568747432
       -85.5996207889855,42.9981658375004
       -85.5996298945196,42.9976336716178
       -85.6002653327093,42.9976396976714
       -85.6002681723837,42.9974751099858
       -85.599632735886,42.9974690839478
       -85.599656203841,42.9960972522943
       -85.5996654668203,42.9955484489158
       -85.5996834836286,42.9952709608769
       -85.6003079004511,42.9952757374663
       -85.6003009597047,42.9951152766331
       -85.5996728781615,42.9951094601089
       -85.5997198066546,42.9919543118618
       -85.6005157344351,42.9919691124443
       -85.6005227516735,42.9915733985977
       -85.6048569172748,42.9916022771175

 Michigan Oaks:
       -85.6005237734579,42.9755676095234
       -85.602123290768,42.9759400632906
       -85.6033888903557,42.9762466343381
       -85.604580661239,42.9764118034685
       -85.6055281344859,42.976508250456
       -85.6064501707893,42.9766406395987
       -85.6071312877132,42.9766866136172
       -85.6081711125471,42.9767286999696
       -85.6163368483117,42.9767111661262
       -85.6223245538233,42.9767347628892
       -85.623232887977,42.9767426481945
       -85.6240531125222,42.9766446395484
       -85.6246599923152,42.9765313012359
       -85.6251667077852,42.9764545622663
       -85.6251250412375,42.9731228442941
       -85.6251030515686,42.9707575629771
       -85.6250568425024,42.9699560699378
       -85.6250294097138,42.9687919609703
       -85.6249545641108,42.9673177593297
       -85.6249513206497,42.9653223973285
       -85.6249929090644,42.9636937548228
       -85.6250182247676,42.9627345400228
       -85.6224177045729,42.9627387043716
       -85.6224781026849,42.9608177665579
       -85.6201023555144,42.9608232500274
       -85.6201029138367,42.9609111885397
       -85.6190029661389,42.9609111617409
       -85.6190082363683,42.9612983121691
       -85.6166607087997,42.9613009690205
       -85.6166679422404,42.9627469167995
       -85.6089929925915,42.9627625083553
       -85.6085311812827,42.9627273333507
       -85.6082961961519,42.9627011795227
       -85.6079813468207,42.9625897919203
       -85.6076325559317,42.9624013689668
       -85.6071057077434,42.9620643782627
       -85.605697664852,42.9611637142911
       -85.6050644709731,42.9608228964466
       -85.6034497600266,42.9611038458838
       -85.599135733256,42.9618543349548
       -85.5972758433451,42.9621778347078
       -85.5950835640036,42.962661978677
       -85.5917708820654,42.9626683070356
       -85.5906255079553,42.9626796502919
       -85.5906374301804,42.9642374460375
       -85.5906427588287,42.9649811377846
       -85.5906492213249,42.9659225086219
       -85.5906543156893,42.9666657950571
       -85.5906554598775,42.9668330228529
       -85.5906162287667,42.9668305642103
       -85.5906567341496,42.9670087175205
       -85.59065855716,42.9672725152716
       -85.5906688660104,42.9677946891013
       -85.590609730398,42.9679260161204
       -85.5906875213594,42.9683998872799
       -85.590731925535,42.9687774393477
       -85.5907541869866,42.9693166008249
       -85.5907660521776,42.9698643175069
       -85.5863101880019,42.9699283986463
       -85.5864306537153,42.9700790650652
       -85.5869017024663,42.9706570240087
       -85.5872416470843,42.9710295344802
       -85.5877613015367,42.9714188233373
       -85.5882275445703,42.9717524224999
       -85.5887715091491,42.9720474592333
       -85.5893666701305,42.972285518983
       -85.5900111506886,42.9725606125674
       -85.5909653800928,42.9728136988692
       -85.5921116610417,42.9731400184158
       -85.5939118091039,42.9736473079577
       -85.595714970109,42.9741168050832
       -85.5972603530788,42.9745892116898
       -85.598804629752,42.9750050106196
       -85.600042542407,42.9754242570303
       -85.6005237734579,42.9755676095234

 Midtown:
       -85.6569862391701,42.9717893298433
       -85.6569711288179,42.970170053168
       -85.6545300311517,42.9701290686866
       -85.6544760053072,42.9678943183482
       -85.6544222431572,42.9654926807282
       -85.6543686042491,42.9629172945263
       -85.6483504427643,42.9628041378866
       -85.6436602950443,42.9627647235438
       -85.6396729816141,42.9627428703048
       -85.6397110673089,42.9662259135507
       -85.6397434951066,42.9699784669884
       -85.6397467502364,42.9704994919796
       -85.6397738127267,42.9734468406275
       -85.6424499983693,42.9734651163819
       -85.6443263709106,42.9734804104084
       -85.6454475143704,42.9734800868927
       -85.6471637306192,42.9735214763626
       -85.64828437002,42.9734967766509
       -85.6491389792756,42.9734388526544
       -85.6500787680693,42.9733436087985
       -85.6507191497863,42.9732275258227
       -85.6514745958915,42.9730737898328
       -85.6525045128078,42.9728202345783
       -85.6534748898283,42.9725793456345
       -85.654211136994,42.9724016232393
       -85.6549506133732,42.9721996745943
       -85.6557687980151,42.9720090154302
       -85.6564422763858,42.9718683443325
       -85.6569862391701,42.9717893298433

 Millbank:
       -85.6272511269296,42.9058455133911
       -85.627171435037,42.904498787277
       -85.6269082552331,42.900740498264
       -85.6267712347975,42.898777370607
       -85.6266637985121,42.8969836316268
       -85.6265784484099,42.8953577343336
       -85.6264815196814,42.8935294903214
       -85.6263419472691,42.8908893246347
       -85.6262244720421,42.8884174306867
       -85.6260869809702,42.8855114733098
       -85.6248559532458,42.8855025214016
       -85.6235940895138,42.8855086889005
       -85.6235468597482,42.8845797503782
       -85.6230192360709,42.884587160549
       -85.623020633732,42.8846138527127
       -85.6229819971933,42.8846140968682
       -85.6229519273666,42.8842169616598
       -85.6229466118438,42.8836850383732
       -85.6164950245923,42.8837141988163
       -85.6063863850553,42.8836995597692
       -85.6066864608687,42.8901814554119
       -85.6071247696595,42.8981901716719
       -85.6120016108592,42.8981836367321
       -85.6123325649621,42.9024816228627
       -85.6125595958563,42.9054217732011
       -85.6142663534133,42.9054170731981
       -85.617125802261,42.9054142728596
       -85.6212729223732,42.9054001302759
       -85.6239455467673,42.9053887432545
       -85.6260738049457,42.9054096095967
       -85.6272511269296,42.9058455133911

 North End:
       -85.6248231928937,43.0165394724717
       -85.6257161474057,43.0166419810976
       -85.6270843764376,43.0167995004912
       -85.628621802655,43.0170011067474
       -85.6298021535839,43.0171145212898
       -85.6307920631095,43.0172416870561
       -85.6314674280257,43.0173491576224
       -85.6322713371206,43.0175243251224
       -85.632854883803,43.0177134106018
       -85.6334389072859,43.0179254706705
       -85.6340241133048,43.0181949717161
       -85.6346097940235,43.0184874473636
       -85.6351802933706,43.0187687684556
       -85.6363182688043,43.019365566024
       -85.6369677182161,43.019120489219
       -85.6374435301763,43.0189795540389
       -85.6384806800365,43.0186742596618
       -85.6393023879412,43.0184408084725
       -85.6399642090751,43.0182526918456
       -85.6406483404822,43.0180584911953
       -85.6412915969932,43.017877260572
       -85.6418642013385,43.0177158503216
       -85.6424361864938,43.0175246001719
       -85.642847486267,43.0173395945124
       -85.6431952847269,43.0171583798119
       -85.6434280335951,43.0170201236042
       -85.6438187824298,43.0167458128664
       -85.6442594814677,43.016355344051
       -85.6445920049751,43.0159786000018
       -85.6447697953649,43.0157148898347
       -85.6450917067067,43.0151869885691
       -85.6461765325076,43.0133966446353
       -85.6464260099207,43.0129837735315
       -85.6476448508122,43.0111679073767
       -85.6489768446833,43.0092222987614
       -85.6508128647558,43.006524089866
       -85.6519188119426,43.0050454327726
       -85.6543182067282,43.0019427643062
       -85.656582922852,42.9990266185767
       -85.648098632666,42.9989714772608
       -85.6420455836268,42.9989675953197
       -85.6399032774816,42.9989661850411
       -85.6338575260572,42.9989530420991
       -85.628548210553,42.99893508382
       -85.6230105273688,42.9989017153048
       -85.6183065214655,42.9988653300767
       -85.6148929318211,42.9988567372003
       -85.6103391354746,42.9988070791381
       -85.6103173179243,43.0001822239676
       -85.6102524445498,43.0042636778563
       -85.6102241777462,43.0060430001392
       -85.6149915098875,43.006083028823
       -85.6176499830796,43.0061052326951
       -85.6201326082761,43.0061259695525
       -85.6201191215097,43.0072186701538
       -85.6200883308257,43.0097293602303
       -85.6250278189294,43.0097667341339
       -85.6250038989495,43.0116063526098
       -85.624992046888,43.0133587035339
       -85.6251215883015,43.0133596205674
       -85.6250696408237,43.0148820305313
       -85.6250259799471,43.0161616496608
       -85.6248102376198,43.0161360715735
       -85.6248231928937,43.0165394724717

 North Park:
       -85.6357955931203,43.0286392077312
       -85.640890462858,43.0287192476868
       -85.6452424338364,43.0287813649639
       -85.6484511600942,43.0288270264376
       -85.6491487294144,43.0288390035606
       -85.6540688631124,43.0289261782836
       -85.6604852238716,43.0290472002335
       -85.6605533243594,43.0284004339312
       -85.6606166099712,43.0277993833746
       -85.6607217596885,43.026778962038
       -85.6608368858075,43.0256387473765
       -85.6611412336913,43.0241472447881
       -85.6612696585422,43.0235607445332
       -85.6618774280551,43.0225941901922
       -85.6623111244887,43.0217525957251
       -85.6627640619417,43.0209661888153
       -85.6633659575618,43.0200691905979
       -85.6641187508049,43.0191267918407
       -85.6647154490475,43.0184326558626
       -85.665137627372,43.0179415266423
       -85.6658818589971,43.0175883838737
       -85.6672063057051,43.0169599032654
       -85.6692789582547,43.0161698351047
       -85.6706406242395,43.0157231797119
       -85.6717330811483,43.0148962931794
       -85.6725011722159,43.0141689077057
       -85.6727375788619,43.0135562686737
       -85.6627755308987,43.0135258990858
       -85.6592448432078,43.0135017577329
       -85.6561329321753,43.0134745194039
       -85.6534323965503,43.0134480703718
       -85.6513676684635,43.013425244744
       -85.6488691367424,43.0134017426797
       -85.6461765325076,43.0133966446353
       -85.6450917067067,43.0151869885691
       -85.6447697953649,43.0157148898347
       -85.6445920049751,43.0159786000018
       -85.6442594814677,43.016355344051
       -85.6438187824298,43.0167458128664
       -85.6434280335951,43.0170201236042
       -85.6431952847269,43.0171583798119
       -85.642847486267,43.0173395945124
       -85.6424361864938,43.0175246001719
       -85.6418642013385,43.0177158503216
       -85.6412915969932,43.017877260572
       -85.6406483404822,43.0180584911953
       -85.6399642090751,43.0182526918456
       -85.6393023879412,43.0184408084725
       -85.6384806800365,43.0186742596618
       -85.6374435301763,43.0189795540389
       -85.6369677182161,43.019120489219
       -85.6363182688043,43.019365566024
       -85.6351802933706,43.0187687684556
       -85.6346097940235,43.0184874473636
       -85.6340241133048,43.0181949717161
       -85.6334389072859,43.0179254706705
       -85.632854883803,43.0177134106018
       -85.6322713371206,43.0175243251224
       -85.6314674280257,43.0173491576224
       -85.6307920631095,43.0172416870561
       -85.6298021535839,43.0171145212898
       -85.628621802655,43.0170011067474
       -85.6270843764376,43.0167995004912
       -85.6257161474057,43.0166419810976
       -85.6248231901465,43.0165393869295
       -85.6248165581409,43.0195073339679
       -85.6223551094134,43.0194878996171
       -85.6223229054797,43.0205744181364
       -85.624787965364,43.0205945334252
       -85.6247173150768,43.0232873885985
       -85.6248383355609,43.0233803896349
       -85.6250493502123,43.0234571168939
       -85.6256914334659,43.0236856685133
       -85.626337909276,43.0239055996549
       -85.626655790274,43.0239712854607
       -85.6269114423746,43.0239950047996
       -85.627127279091,43.0239894867433
       -85.6272611379841,43.0239786643348
       -85.6274613233365,43.0239449022912
       -85.628100706849,43.0237696213511
       -85.6286823271564,43.023624940046
       -85.6289646633584,43.0235745310359
       -85.6294686842268,43.0235175497568
       -85.6301705885863,43.0234522726893
       -85.6311662496821,43.0233956352208
       -85.6316267803505,43.0234110235334
       -85.6319069654603,43.0234329591454
       -85.6322284899392,43.0234595371303
       -85.6328543090221,43.023551107497
       -85.6327481530654,43.0242975936534
       -85.6326196099944,43.0251961626953
       -85.6325261203302,43.0257542194498
       -85.6323800933031,43.0263716814627
       -85.6323055800434,43.0266232593278
       -85.6332133307271,43.0267869320955
       -85.6351246011009,43.0268164462388
       -85.63587385604,43.0268291130943
       -85.6358163781745,43.027995261285
       -85.6357955931203,43.0286392077312

 Northeast:
       -85.6103391354746,42.9988070791381
       -85.6148929318211,42.9988567372003
       -85.6183065214655,42.9988653300767
       -85.6230105273688,42.9989017153048
       -85.628548210553,42.99893508382
       -85.6338575260572,42.9989530420991
       -85.6399032774816,42.9989661850411
       -85.6398927940375,42.9931953779466
       -85.6398742041907,42.9890269394738
       -85.639880463419,42.9847944172988
       -85.6398765626168,42.9844236470413
       -85.6397930249397,42.9754684397416
       -85.6397738127267,42.9734468406275
       -85.6397467502364,42.9704994919796
       -85.6397434951066,42.9699784669884
       -85.6355280709215,42.9699713456141
       -85.6310510307535,42.9699626669352
       -85.6268695095494,42.9699684035802
       -85.6250568425024,42.9699560699378
       -85.6251030515686,42.9707575629771
       -85.6251250412375,42.9731228442941
       -85.6251667077852,42.9764545622663
       -85.6246599923152,42.9765313012359
       -85.6240531125222,42.9766446395484
       -85.623232887977,42.9767426481945
       -85.6223245538233,42.9767347628892
       -85.6163368483117,42.9767111661262
       -85.6081711125471,42.9767286999696
       -85.6071312877132,42.9766866136172
       -85.6064501707893,42.9766406395987
       -85.6055281344859,42.976508250456
       -85.604580661239,42.9764118034685
       -85.6033888903557,42.9762466343381
       -85.602123290768,42.9759400632906
       -85.6005237734579,42.9755676095234
       -85.600892237576,42.9756783859697
       -85.6017968755297,42.9760634672275
       -85.6024422049221,42.9763762147441
       -85.6031708965506,42.9769324656688
       -85.603967260847,42.9776948260582
       -85.6042598969769,42.9781240526612
       -85.6045488028677,42.9785534907347
       -85.6047383278168,42.979059124634
       -85.6049073479055,42.9798471177015
       -85.6049978707469,42.9804478074115
       -85.6049905461871,42.9813881232267
       -85.6049756876394,42.9819523906463
       -85.6049649697885,42.9827234573884
       -85.6049382641073,42.9840023763975
       -85.6048626502275,42.9916094492749
       -85.6104462508725,42.9916393029029
       -85.6104191082928,42.993455665816
       -85.6103391354746,42.9988070791381

 Oldtown-Heartside:
       -85.6761558212594,42.9632438481721
       -85.6765274819256,42.9627969188945
       -85.6768629340782,42.962404771325
       -85.6773394723073,42.9617940442889
       -85.6779439684316,42.9612271300718
       -85.6785321706579,42.9605971097992
       -85.6790253437477,42.9600674829066
       -85.6799854339901,42.959180380308
       -85.6804052202306,42.9587148771205
       -85.6808385992121,42.9581859272113
       -85.6811728471117,42.9577395810939
       -85.6815326571784,42.9572656708207
       -85.6818200614872,42.9569009892513
       -85.6821068896512,42.9565093830553
       -85.6822932467385,42.9561369413438
       -85.6791351571031,42.9560875609938
       -85.6764368199581,42.9560475932454
       -85.6746057685632,42.9560312832833
       -85.6739952841506,42.9561372129508
       -85.6736149051031,42.9561707092171
       -85.671451538713,42.9561639702717
       -85.6693474808977,42.9561349057312
       -85.6681637163839,42.9559854141163
       -85.6676814886724,42.9559727081752
       -85.6672815010934,42.9559621544493
       -85.6660778609354,42.9559330982306
       -85.6649041220092,42.9559047208446
       -85.6636817921215,42.9558751664164
       -85.6617791491785,42.9558292765229
       -85.6617214512455,42.9573557335589
       -85.661682191454,42.958692283734
       -85.6616743687215,42.9597459939165
       -85.6616885617916,42.9604236625075
       -85.664165783919,42.9613137716898
       -85.6642150492694,42.9631271645883
       -85.6617515804127,42.9630756113779
       -85.6618259994643,42.9664498534988
       -85.6618532034165,42.9673916804281
       -85.6640646255458,42.9673550102673
       -85.6657157246027,42.9673279077624
       -85.6680354651995,42.9672890767253
       -85.6679503284364,42.9648419994706
       -85.6678934433915,42.9632043273875
       -85.6686409447713,42.9632133340437
       -85.6699378641264,42.9632291250573
       -85.6713394303801,42.963245941121
       -85.6724195746342,42.9632590264077
       -85.6734137544323,42.9632710227418
       -85.6741229156147,42.963233779527
       -85.6749820715769,42.9632217459257
       -85.6761558212594,42.9632438481721

 Ottawa Hills:
       -85.6345859181064,42.9482667866703
       -85.6345434456936,42.944190681107
       -85.634511878939,42.9410107918417
       -85.6328308806818,42.941002965984
       -85.6307090887634,42.9409931177132
       -85.6296332793168,42.9409886201892
       -85.6297091898682,42.9476876540239
       -85.6297149349168,42.9482446752152
       -85.632060393689,42.94825525342
       -85.6345859181064,42.9482667866703

 Richmond-Oakleigh:
       -85.7468381675243,42.9865101823688
       -85.7439843205766,42.986475812884
       -85.7406000861176,42.9864160735401
       -85.738943300867,42.9863781101569
       -85.7361979697949,42.9863044199215
       -85.7317963087241,42.9862124879805
       -85.7290403103791,42.9861627655869
       -85.7258282003916,42.986109292169
       -85.7231099529935,42.9860759602348
       -85.7187504926346,42.9860313965919
       -85.7142227058402,42.9859809276232
       -85.7108879980446,42.9859607223165
       -85.7076349932694,42.9859157951195
       -85.7077130309479,42.9884787068349
       -85.7077632388713,42.9901034066606
       -85.7078359694003,42.992421282134
       -85.7078909042174,42.9944357804104
       -85.707954436444,42.9968462085589
       -85.7079623933748,42.9979115259207
       -85.7104218086795,42.9979155706446
       -85.7104461896769,42.9985409742665
       -85.7129184268961,42.9985453439082
       -85.7129895286968,43.0004929769852
       -85.7179412719022,43.00050182925
       -85.7223897624115,43.0005456426093
       -85.722391500534,43.0006136944455
       -85.72239695241,43.0008235119444
       -85.7224188697285,43.0016656601194
       -85.7225263411144,43.0022083391869
       -85.7226655905242,43.002267301728
       -85.7229565901926,43.0021286156362
       -85.7232160797253,43.0021954178087
       -85.7235969412892,43.0020426282815
       -85.7238485160276,43.0020112358595
       -85.7239752199706,43.0019954386701
       -85.72416355613,43.0019520246821
       -85.7244606000851,43.001926926977
       -85.7248077536806,43.0017792084334
       -85.7249930848769,43.0017762433794
       -85.7251538659967,43.0017736708513
       -85.7264104478103,43.0017533856912
       -85.7264063264876,43.001616210627
       -85.7278865567409,43.0015985632266
       -85.7279589560636,43.0040117121182
       -85.7280713220971,43.007760204388
       -85.7429156755348,43.0081741391097
       -85.7426185455738,43.0025790263326
       -85.7425239794322,43.000925068441
       -85.7376087626638,43.0008078894494
       -85.7374676164461,42.9971847329254
       -85.7423927141065,42.9972950889158
       -85.7422612062376,42.9936603963485
       -85.7471780148638,42.9937681252127
       -85.7470045581683,42.9891886786475
       -85.7478775645873,42.9891896112288
       -85.7477638885187,42.9865232289538
       -85.7468381675243,42.9865101823688

 Ridgemoor Park:
       -85.609443601056,42.9307659114555
       -85.6092141070028,42.9280040762075
       -85.6089400317815,42.9242116751605
       -85.6086973675975,42.9206803196467
       -85.6085420629228,42.9185236543714
       -85.6083821916971,42.9163251022076
       -85.608215447577,42.9137833338291
       -85.6081399216219,42.9126241080417
       -85.6080756303052,42.9116526534997
       -85.6079589906135,42.9102483513634
       -85.606885933134,42.9099274389535
       -85.6052718935591,42.909525052735
       -85.6031490180363,42.9091491808104
       -85.5979781609052,42.9084462963709
       -85.5982462946316,42.9126009336179
       -85.5961463141944,42.9125799725079
       -85.59643204346,42.9164371343771
       -85.5963577518646,42.9164418886084
       -85.5963808348708,42.9167846082993
       -85.5956352151235,42.9168132931755
       -85.595412222667,42.9168340298958
       -85.5951590370191,42.9169115618393
       -85.5951538394959,42.9168346432499
       -85.592380684264,42.916943035262
       -85.592575870512,42.9197364795631
       -85.5839299228209,42.9197117494681
       -85.584017947024,42.9204001818217
       -85.5841435799667,42.9212818037979
       -85.584193544393,42.9219234222627
       -85.5842813227597,42.9227786910006
       -85.5843812599861,42.9240619288259
       -85.5844837876186,42.9256662147962
       -85.5846094358581,42.9265478354148
       -85.5846415609796,42.9281796257406
       -85.5846006400413,42.9297051653814
       -85.5846269731292,42.9310426973108
       -85.5846864331757,42.9321658263116
       -85.5847800251522,42.9333153488585
       -85.5849088561385,42.9343574727566
       -85.5850419493867,42.9354263046978
       -85.5850535410927,42.9360148190021
       -85.5851487285985,42.9372445920396
       -85.585202932199,42.9381002135063
       -85.5852097830045,42.9384479711002
       -85.5851835083891,42.9390101311149
       -85.5851582852008,42.9396257916648
       -85.5850252951849,42.9402693546748
       -85.584906430485,42.9410960292949
       -85.5890688922019,42.941077338064
       -85.5890622326774,42.940641283595
       -85.5895946668326,42.9404258125129
       -85.5901323615228,42.9400928435442
       -85.5897831154093,42.9341603143328
       -85.5997105150203,42.9342837492829
       -85.5996419095208,42.9330828455525
       -85.5996062159803,42.9325327758271
       -85.5995458090391,42.9315666114289
       -85.599508814873,42.9306472626417
       -85.6062683496657,42.9307235463929
       -85.609443601056,42.9307659114555

 Roosevelt Park:
       -85.6869202457771,42.9417100580553
       -85.6867693950933,42.9390630561275
       -85.6873365960265,42.9390647031086
       -85.6877273764891,42.9388059820064
       -85.6878907792132,42.9388099701136
       -85.688123831713,42.9386533314532
       -85.6883379751241,42.9385337534231
       -85.6884883362512,42.9384464905226
       -85.6885672258744,42.9380670515815
       -85.6886191117954,42.9376944826655
       -85.6886106664155,42.937471117847
       -85.6885854711131,42.9373001024512
       -85.6885423668465,42.9371214702328
       -85.688464919083,42.936893505969
       -85.6883172951218,42.9367892778878
       -85.6880632125771,42.9365827743823
       -85.6877819607504,42.936313186858
       -85.6875923414439,42.9360705087901
       -85.6875186694206,42.9359388993877
       -85.6874085937504,42.9359709224682
       -85.6870709085476,42.9360731019544
       -85.6871202901135,42.937119343279
       -85.6869478077261,42.937176263722
       -85.6869675163381,42.9377721548931
       -85.6867059828751,42.9377736314493
       -85.6866150478058,42.9359311279376
       -85.6864062277044,42.9316761152092
       -85.6863979001777,42.93150616398
       -85.6862216554213,42.9279085684547
       -85.6859628254159,42.9206307169453
       -85.6808904596368,42.920542964017
       -85.6813108567296,42.9214494667373
       -85.681605816466,42.9221507615341
       -85.6818008736982,42.9227194181015
       -85.6819195637867,42.9232086810978
       -85.6820035190996,42.9236448299128
       -85.6820602054189,42.9240277774026
       -85.6821042338654,42.9245178974292
       -85.6821179571371,42.9248120643491
       -85.6821407254339,42.9253559412902
       -85.6821242038631,42.9256327035717
       -85.6820580675701,42.9260348131422
       -85.6819611730943,42.9265711468644
       -85.6816566146425,42.9285817385211
       -85.6815439476129,42.9294304991368
       -85.6814140665716,42.9301723446921
       -85.6812527222705,42.9311911217193
       -85.681122267437,42.9319063012819
       -85.6810201615305,42.9325496335362
       -85.6809708445223,42.9330409107224
       -85.6809167849506,42.9333090976913
       -85.6808485488123,42.9336131214063
       -85.6807846153189,42.9339438543279
       -85.6806951139839,42.934301807995
       -85.6805792814133,42.9346509730364
       -85.6804799004189,42.9350714725414
       -85.6803306489273,42.9354299389941
       -85.6802953604248,42.9355269075373
       -85.6802250687344,42.9357343918104
       -85.6800189118399,42.9362274646652
       -85.6798052817761,42.9367204522663
       -85.6795282217903,42.9373927148403
       -85.6790653062505,42.9384595374616
       -85.678727773134,42.9392750208712
       -85.6785883830573,42.9395711108484
       -85.6784398661739,42.9399652414841
       -85.6781793679758,42.9405392036379
       -85.6779940712858,42.9409605116084
       -85.6777239326594,42.9416086776315
       -85.6785601917628,42.9415879571638
       -85.6789936172812,42.9415943153239
       -85.679849258937,42.9416068098129
       -85.6810710667636,42.9416245311426
       -85.6823040885782,42.9416426265247
       -85.6837388218458,42.941660961986
       -85.6853455374783,42.9416867347961
       -85.6856033627207,42.9416909710348
       -85.6869202457771,42.9417100580553

 Shangrai-La:
       -85.6081506274933,42.9126239919963
       -85.613612725857,42.9126257137154
       -85.6175478880314,42.9126297998857
       -85.6213747867191,42.9126341639534
       -85.6280654134082,42.912645572882
       -85.6278284598159,42.9120104852785
       -85.6276634528957,42.9114246876709
       -85.6275249628365,42.9104911921579
       -85.6274460820944,42.9090016696294
       -85.6273137472748,42.9069037666378
       -85.6272511269296,42.9058455133911
       -85.6260738049457,42.9054096095967
       -85.6239455467673,42.9053887432545
       -85.6212729223732,42.9054001302759
       -85.617125802261,42.9054142728596
       -85.6142663534133,42.9054170731981
       -85.6125582558062,42.9054174952629
       -85.6127789229053,42.9090477749058
       -85.6078830315477,42.9090372872027
       -85.6079696960743,42.9102482353348
       -85.6080863360087,42.9116525374603
       -85.6081506274933,42.9126239919963

 Shawmut Hills:
       -85.7468381675243,42.9865101823688
       -85.7468331880498,42.9857222332074
       -85.7469079406779,42.9857238513401
       -85.746866971433,42.9792379897072
       -85.7498845457888,42.9792758228997
       -85.751827063066,42.9793002022722
       -85.7517165621362,42.9752335301235
       -85.7517167376967,42.9720153734443
       -85.7497114449895,42.9719922821997
       -85.7468592555336,42.9719593915508
       -85.7467758241193,42.9683209565562
       -85.7419352482014,42.9682298550318
       -85.7418554307566,42.9646415520035
       -85.7169950966699,42.9641509094724
       -85.7170641904365,42.9682171159176
       -85.7171204117051,42.9721594598044
       -85.7168621951064,42.9721432915755
       -85.7165797845487,42.9720459372214
       -85.7162839714021,42.9718482303629
       -85.7160251743989,42.9716341353801
       -85.7156626351624,42.9714610538775
       -85.715115911563,42.9714101994063
       -85.7126937840992,42.9713875519338
       -85.7106417048548,42.9713682321935
       -85.7084288980382,42.9713473286296
       -85.7065409101378,42.9713121235331
       -85.7051235310225,42.9712647046808
       -85.7034630714774,42.9712092976679
       -85.7023182281481,42.9711490596523
       -85.7017593482177,42.9708808001071
       -85.7007901394929,42.970473582919
       -85.7002365704001,42.9702776340099
       -85.6998325758299,42.9702591790736
       -85.6992490905107,42.970408835611
       -85.6985923807072,42.970628976047
       -85.697594031883,42.970949986885
       -85.6978453223712,42.9713393281023
       -85.6981077615592,42.9720725992838
       -85.6981953978119,42.9723242256295
       -85.6982400380205,42.9735291242098
       -85.6982615052917,42.9745257287765
       -85.698306316923,42.9759120882749
       -85.6983622371259,42.9778138971884
       -85.6984010810128,42.9790963876302
       -85.6984556996644,42.9807640899696
       -85.6984996724308,42.9821110097978
       -85.699616767433,42.9827818641702
       -85.7004127350855,42.9829468695836
       -85.7026545804459,42.9832547129685
       -85.7042292940743,42.9834783637295
       -85.7046093715377,42.9835965637022
       -85.7049869471849,42.9837717354455
       -85.7066698053054,42.984672265846
       -85.7076349932694,42.9859157951195
       -85.7108879980446,42.9859607223165
       -85.7142227058402,42.9859809276232
       -85.7187504926346,42.9860313965919
       -85.7231099529935,42.9860759602348
       -85.7258282003916,42.986109292169
       -85.7290403103791,42.9861627655869
       -85.7317963087241,42.9862124879805
       -85.7361979697949,42.9863044199215
       -85.738943300867,42.9863781101569
       -85.7406000861176,42.9864160735401
       -85.7439843205766,42.986475812884
       -85.7468381675243,42.9865101823688

 Shawnee Park:
       -85.6192314842349,42.9307187580999
       -85.6190054599644,42.9270941235885
       -85.6206224416683,42.9270945299382
       -85.6238937476476,42.9270953816855
       -85.6259551202443,42.9270958945379
       -85.6288605363595,42.9271002819938
       -85.6312477246738,42.9271203849496
       -85.6310133898614,42.9239468307712
       -85.6334983318764,42.9239686722763
       -85.6331084335893,42.9198978402432
       -85.6318362399806,42.918124271511
       -85.6304850680746,42.9163192294911
       -85.6294642967898,42.9149665059851
       -85.6289654193384,42.9143043785783
       -85.6286770878554,42.9138968611723
       -85.6283940005173,42.9133800281305
       -85.6281641478951,42.9129103762084
       -85.6280654177357,42.9126457851756
       -85.6213747910237,42.9126343762472
       -85.6175478923228,42.9126300121797
       -85.6136127301349,42.9126259260095
       -85.6081506317525,42.9126242042905
       -85.6082261579084,42.9137834300709
       -85.6083929024686,42.9163251984337
       -85.6085527740752,42.9185237505825
       -85.6087080791234,42.9206804158432
       -85.6089507439191,42.9242117713342
       -85.6092248197975,42.9280041723556
       -85.609443601056,42.9307659114555
       -85.6192314842349,42.9307187580999

 Southeast Community:
       -85.6676814886724,42.9559727081752
       -85.6675381029355,42.9491569131587
       -85.6674414478596,42.9465152880264
       -85.667357234732,42.9430438944581
       -85.6672785515562,42.9400127202728
       -85.6671944954903,42.9383244078281
       -85.6671223429758,42.9368467536918
       -85.6670592857966,42.9356238696806
       -85.6630139629212,42.9356031624057
       -85.6598793631242,42.9355540277238
       -85.6579185188848,42.9355526452939
       -85.6553110682255,42.9355284871711
       -85.6487627392641,42.935476057573
       -85.6488526020438,42.9367482158942
       -85.6490804451562,42.9398113432382
       -85.6491942716118,42.9424186537082
       -85.6492379198973,42.9461446897269
       -85.6492578878531,42.948368509832
       -85.6492705842355,42.9497012172617
       -85.649292062877,42.9556000817054
       -85.6510708823078,42.9556213253234
       -85.6541804674694,42.955676824133
       -85.6541791289177,42.9514855111609
       -85.6563018708964,42.9515230462032
       -85.6590861896431,42.9515762383672
       -85.6590836559936,42.951455005537
       -85.6617599621661,42.9515237578798
       -85.6617794135869,42.9529877703086
       -85.6617968746665,42.9552484946738
       -85.6617791491785,42.9558292765229
       -85.6636817921215,42.9558751664164
       -85.6649041220092,42.9559047208446
       -85.6660778609354,42.9559330982306
       -85.6672815010934,42.9559621544493
       -85.6676814886724,42.9559727081752

 Southeast End:
       -85.6492578878531,42.948368509832
       -85.6492379198973,42.9461446897269
       -85.6491942716118,42.9424186537082
       -85.6490804451562,42.9398113432382
       -85.6488526020438,42.9367482158942
       -85.6487627392641,42.935476057573
       -85.6487134446902,42.9348996284883
       -85.6479982847535,42.9346321736358
       -85.6472446922777,42.9343119738966
       -85.6464916752567,42.9340192060676
       -85.6458730814645,42.9337247606526
       -85.6453435433367,42.9334020467965
       -85.6447953384597,42.9330793683324
       -85.6442460130782,42.9327021557255
       -85.6435838905067,42.9321070018339
       -85.6431270722249,42.9316874183739
       -85.6424219212817,42.9309968601939
       -85.6415496836619,42.9301711997542
       -85.6401245345022,42.9287902236481
       -85.6384635823553,42.9271982246275
       -85.638217039954,42.9271947012253
       -85.6354081928527,42.9271652125069
       -85.6321772800006,42.9271313996717
       -85.6292750578749,42.9271006480754
       -85.6288605320282,42.9271000697008
       -85.6259551159231,42.9270956822448
       -85.6238937433334,42.9270951693924
       -85.6240873274218,42.929637735349
       -85.624266494165,42.9318378549173
       -85.6245095674866,42.9347924561843
       -85.624674701097,42.9372192992788
       -85.6248247006736,42.9394523248161
       -85.6248771129809,42.9401926947957
       -85.624822624913,42.940635631396
       -85.6247365639056,42.9409953862318
       -85.624956932956,42.9409950253337
       -85.6296561231189,42.9410107314422
       -85.6307090887634,42.9409931177132
       -85.6328308806818,42.941002965984
       -85.634511878939,42.9410107918417
       -85.6345434456936,42.944190681107
       -85.6345859181064,42.9482667866703
       -85.6350566537237,42.948268953021
       -85.638191146272,42.9482832713872
       -85.6394502285885,42.9482915914207
       -85.641142705625,42.9483027964931
       -85.645020952015,42.9483342106272
       -85.6492578878531,42.948368509832

 Southwest:
       -85.671451538713,42.9561639702717
       -85.6715147945311,42.9557975785625
       -85.6715944903832,42.9555021770955
       -85.6717055200158,42.9549211884762
       -85.6718708773819,42.9542591396007
       -85.6719372982989,42.9538659544451
       -85.6720162388215,42.9535348871401
       -85.6721297365773,42.9532481905513
       -85.6723418217514,42.9528533457467
       -85.672717645928,42.9522513297601
       -85.673058752945,42.9517747420755
       -85.673362689192,42.9513073266394
       -85.6735398593269,42.9510288209188
       -85.6736920146536,42.9508041156863
       -85.6738800108965,42.9505076489013
       -85.674056230286,42.9501843886645
       -85.6741592647205,42.9499334845837
       -85.6743449915229,42.949530017752
       -85.6745430138752,42.9490013732069
       -85.6747757808701,42.9485260176232
       -85.6756376909993,42.946535846178
       -85.6759723222365,42.945755910704
       -85.6762281868337,42.9451375854416
       -85.6764804958964,42.9445280481888
       -85.6768932974915,42.9435599195178
       -85.6771812420517,42.9428698736731
       -85.6773762391765,42.9423769332197
       -85.6776961390229,42.9416089956316
       -85.677966277942,42.940960829674
       -85.6781515748223,42.9405395217485
       -85.6784120732796,42.9399655596579
       -85.6785605903408,42.9395714290582
       -85.6786999805513,42.9392753391148
       -85.6790375140359,42.9384598557871
       -85.6795004300574,42.9373930332782
       -85.6797774903466,42.9367207707714
       -85.679991120633,42.9362277832222
       -85.6801972777501,42.9357347104174
       -85.680267569534,42.9355272261614
       -85.6719827187681,42.9354867568348
       -85.6721220790205,42.9383736826314
       -85.6671944954903,42.9383244078281
       -85.6672785515562,42.9400127202728
       -85.667357234732,42.9430438944581
       -85.6674414478596,42.9465152880264
       -85.6675381029355,42.9491569131587
       -85.6676814886724,42.9559727081752
       -85.6681637163839,42.9559854141163
       -85.6693474808977,42.9561349057312
       -85.671451538713,42.9561639702717

 West Grand:
       -85.707954436444,42.9968462085589
       -85.7078909042174,42.9944357804104
       -85.7078359694003,42.992421282134
       -85.7077632388713,42.9901034066606
       -85.7077130309479,42.9884787068349
       -85.7076349932694,42.9859157951195
       -85.7066698053054,42.984672265846
       -85.7049869471849,42.9837717354455
       -85.7046093715377,42.9835965637022
       -85.7042292940743,42.9834783637295
       -85.7026545804459,42.9832547129685
       -85.7004127350855,42.9829468695836
       -85.699616767433,42.9827818641702
       -85.6984996724308,42.9821110097978
       -85.6984556996644,42.9807640899696
       -85.6984010810128,42.9790963876302
       -85.6983622371259,42.9778138971884
       -85.698306316923,42.9759120882749
       -85.6982615052917,42.9745257287765
       -85.6982400380205,42.9735291242098
       -85.6981953978119,42.9723242256295
       -85.6981077615592,42.9720725992838
       -85.6977385121932,42.9722797908961
       -85.6973453383032,42.9724174524296
       -85.6968697098063,42.9725440633614
       -85.6965422218262,42.9726082363834
       -85.6959499837892,42.9726998327975
       -85.695520580803,42.972716988726
       -85.6947461423393,42.9726775949224
       -85.6936581226798,42.9726538319223
       -85.6923045735388,42.972621123273
       -85.6912835444591,42.9725843867323
       -85.6905880895603,42.9725682361246
       -85.6897650871827,42.9725293695401
       -85.6892195986925,42.972535663642
       -85.6885628022767,42.9725796003422
       -85.6881349485418,42.9726692607319
       -85.687529302004,42.9728335210297
       -85.6868579549158,42.9730712565889
       -85.6863198152616,42.973246910895
       -85.6857950644922,42.9733496836945
       -85.6852692826086,42.9734040997955
       -85.6847913000672,42.9734217741735
       -85.683172202896,42.9733798324811
       -85.6821177995661,42.9733555753495
       -85.6809742461464,42.9733566848236
       -85.6801803557508,42.9732810539919
       -85.679438517708,42.9731926437988
       -85.6784117030243,42.9730592956629
       -85.6774703091572,42.9729006045324
       -85.6766081543654,42.9727773634958
       -85.6750893396482,42.9725283435555
       -85.6746583082584,42.9724687709734
       -85.6746175010855,42.9728362811373
       -85.6745330568088,42.9736142095162
       -85.6743483764457,42.9761905938822
       -85.6742281901799,42.9768694505098
       -85.674108960799,42.9775935760189
       -85.6738753930453,42.9787433349534
       -85.6736074788168,42.9803903641225
       -85.6732980648811,42.9820198545334
       -85.6729880319989,42.9839745454304
       -85.6729285615648,42.9846978155963
       -85.6729661721001,42.9852393756871
       -85.6729972321856,42.9861784094143
       -85.6731429124231,42.9881188161045
       -85.6732144057338,42.9892019763824
       -85.6733847623842,42.9907175997082
       -85.6734362365879,42.9917376987466
       -85.6733937062138,42.9927317695535
       -85.6733558662036,42.9937710665685
       -85.6732546762012,42.9948200034966
       -85.6730364915147,42.9967012617117
       -85.6729935686449,42.9976773269243
       -85.6729923795459,42.99921273889
       -85.6785016427409,42.9993487208066
       -85.6886649667215,42.9997041242057
       -85.6982250646256,43.0000773231567
       -85.6981605667536,42.9964416548717
       -85.707954436444,42.9968462085589

 ken-O-Sha Park:
       -85.6280654134082,42.912645572882
       -85.6305258585951,42.9126495789206
       -85.6362877432632,42.912704026709
       -85.6410338812922,42.912746252097
       -85.6470869802934,42.9127994026719
       -85.6470512431217,42.9121548993954
       -85.6469725877084,42.9106990013011
       -85.6468649439684,42.908744140162
       -85.6463384274435,42.8990446140209
       -85.6428602062995,42.896303774776
       -85.6356925060589,42.8909918064124
       -85.6459403975225,42.8910667824175
       -85.6456921357062,42.8856213869937
       -85.6456021628762,42.8838147333572
       -85.6324410335446,42.8837253045847
       -85.6259649677827,42.8836699400428
       -85.6259965155638,42.8842890815548
       -85.6250306985553,42.8842936769226
       -85.62506675624,42.8850027831525
       -85.6260325861364,42.8849982773852
       -85.626053831051,42.8854950115897
       -85.6262244720421,42.8884174306867
       -85.6263419472691,42.8908893246347
       -85.6264815196814,42.8935294903214
       -85.6265784484099,42.8953577343336
       -85.6266637985121,42.8969836316268
       -85.6267712347975,42.898777370607
       -85.6269082552331,42.900740498264
       -85.627171435037,42.904498787277
       -85.6272511269296,42.9058455133911
       -85.6273137472748,42.9069037666378
       -85.6274460820944,42.9090016696294
       -85.6275249628365,42.9104911921579
       -85.6276634528957,42.9114246876709
       -85.6278284598159,42.9120104852785
       -85.6280654134082,42.912645572882
